LCL09   1864  1082  1060  1061  1051  1090  1113
LCL09   1870  1121  1047  1042  1048  1022  1049  1014  1022  1000  1049
LCL09   1880  1030  1057  1093  1122  1116  1024  1097  1027  1055  1005
LCL09   1890   990   927   863   904   822   935   958   936   920   914
LCL09   1900   908   956   943   932   946   942   899   948   961   952
LCL09   1910   957   968   939   910   903   920   935   961   992  1030
LCL09   1920   998   960   982   929   954   965  1013  1023   940   955
LCL09   1930  1036   941   960   922   902   961   975  1028  1030  1092
LCL09   1940  1010   951  1057  1037  1042  1050  1034  1080  1063  1093
LCL09   1950  1038 -9999
