LCL23   1863   822   832   831   830   802   825   796
LCL23   1870   826   803   780   806   788   851   816   863   800   810
LCL23   1880   856   811   822   839   862   826   861   829   817   873
LCL23   1890   899   803   821   829   797   812   784   759   762   794
LCL23   1900   802   806   774   774   765   807   799   853   808   825
LCL23   1910   879   909   863   877   880   956   955   970   990  1012
LCL23   1920   970   931   958   878   901   918   992   996   974   917
LCL23   1930   942   911   940   944   925   928   956   928   924   939
LCL23   1940   942   903   830   956   900  1016   984   934   998   955
LCL23   1950   959 -9999
