LCL08   1865  1027   994  1030  1112  1058
LCL08   1870  1031  1013  1018  1049  1097  1041  1048   983  1037   978
LCL08   1880  1013  1046  1038  1055  1016  1008  1042   986   979  1005
LCL08   1890  1030  1055  1062  1024   972   940  1044  1040  1037  1042
LCL08   1900  1017  1035  1016  1096  1050  1009  1016   983   948   972
LCL08   1910   966   964   954   963   907   968   965   947   978   929
LCL08   1920   913   908   943   985   987   997  1016  1004   996   987
LCL08   1930   962   979   966   995  1032   974  1034  1009  1054  1144
LCL08   1940  1059  1040  1021  1072  1089  1140  1131  1054  1089  1074
LCL08   1950  1056 -9999
