LCL07   1863   814   834   807   820   824   826   826
LCL07   1870   851   842   848   857   928   887   898   840   944   864
LCL07   1880   856   828   881   882   842   737   834   853   845   817
LCL07   1890   849   822   884   885   844   854   878   855   877   836
LCL07   1900   854   863   849   864   845   803   840   839   830   824
LCL07   1910   839   835   869   856   837   880   864   921   912   891
LCL07   1920   886   870   860   810   813   822   839   862   867   884
LCL07   1930   884   885   864   909   856   877   920   879   952   919
LCL07   1940   882   858   887   923   887   991   894   911   913   904
LCL07   1950   931 -9999
