LCL18   1862   907   901   953   946   937   961   996  1009
LCL18   1870  1004   992   954  1005  1032  1042  1016  1018  1069  1026
LCL18   1880  1096  1049  1030  1095  1078  1018  1056  1013   958   981
LCL18   1890   988   948   965   963   896   954   921   853   848   837
LCL18   1900   842   658   781   768   712   723   733   752   779   776
LCL18   1910   749   762   756   768   745   778   790   776   794   780
LCL18   1920   788   798   825   835   886   928   926   874   904   924
LCL18   1930   853   861   867   858   834   879   887   886   893   963
LCL18   1940   930   729   846   953   934   963   896   927   974   922
LCL18   1950   918 -9999
