LCL02   1872   867   868   881   896   901   875   876   866
LCL02   1880   912   855   871   867   850   859   872   869   844   864
LCL02   1890   903   861   938   898   854   889   878   856   933   857
LCL02   1900   880   888   884   890   883   865   871   885   952   935
LCL02   1910   913   926   934   977   881   892   947   940   959   974
LCL02   1920   932   937   916   993  1007   990  1044   965  1104  1082
LCL02   1930  1031  1004   977  1069   996   975  1028   965  1073   988
LCL02   1940   954   948   988   967   919  1010   937   946   952   955
LCL02   1950   928 -9999
LCL07   1863   814   834   807   820   824   826   826
LCL07   1870   851   842   848   857   928   887   898   840   944   864
LCL07   1880   856   828   881   882   842   737   834   853   845   817
LCL07   1890   849   822   884   885   844   854   878   855   877   836
LCL07   1900   854   863   849   864   845   803   840   839   830   824
LCL07   1910   839   835   869   856   837   880   864   921   912   891
LCL07   1920   886   870   860   810   813   822   839   862   867   884
LCL07   1930   884   885   864   909   856   877   920   879   952   919
LCL07   1940   882   858   887   923   887   991   894   911   913   904
LCL07   1950   931 -9999
LCL08   1865  1027   994  1030  1112  1058
LCL08   1870  1031  1013  1018  1049  1097  1041  1048   983  1037   978
LCL08   1880  1013  1046  1038  1055  1016  1008  1042   986   979  1005
LCL08   1890  1030  1055  1062  1024   972   940  1044  1040  1037  1042
LCL08   1900  1017  1035  1016  1096  1050  1009  1016   983   948   972
LCL08   1910   966   964   954   963   907   968   965   947   978   929
LCL08   1920   913   908   943   985   987   997  1016  1004   996   987
LCL08   1930   962   979   966   995  1032   974  1034  1009  1054  1144
LCL08   1940  1059  1040  1021  1072  1089  1140  1131  1054  1089  1074
LCL08   1950  1056 -9999
LCL09   1864  1082  1060  1061  1051  1090  1113
LCL09   1870  1121  1047  1042  1048  1022  1049  1014  1022  1000  1049
LCL09   1880  1030  1057  1093  1122  1116  1024  1097  1027  1055  1005
LCL09   1890   990   927   863   904   822   935   958   936   920   914
LCL09   1900   908   956   943   932   946   942   899   948   961   952
LCL09   1910   957   968   939   910   903   920   935   961   992  1030
LCL09   1920   998   960   982   929   954   965  1013  1023   940   955
LCL09   1930  1036   941   960   922   902   961   975  1028  1030  1092
LCL09   1940  1010   951  1057  1037  1042  1050  1034  1080  1063  1093
LCL09   1950  1038 -9999
LCL18   1862   907   901   953   946   937   961   996  1009
LCL18   1870  1004   992   954  1005  1032  1042  1016  1018  1069  1026
LCL18   1880  1096  1049  1030  1095  1078  1018  1056  1013   958   981
LCL18   1890   988   948   965   963   896   954   921   853   848   837
LCL18   1900   842   658   781   768   712   723   733   752   779   776
LCL18   1910   749   762   756   768   745   778   790   776   794   780
LCL18   1920   788   798   825   835   886   928   926   874   904   924
LCL18   1930   853   861   867   858   834   879   887   886   893   963
LCL18   1940   930   729   846   953   934   963   896   927   974   922
LCL18   1950   918 -9999
LCL23   1863   822   832   831   830   802   825   796
LCL23   1870   826   803   780   806   788   851   816   863   800   810
LCL23   1880   856   811   822   839   862   826   861   829   817   873
LCL23   1890   899   803   821   829   797   812   784   759   762   794
LCL23   1900   802   806   774   774   765   807   799   853   808   825
LCL23   1910   879   909   863   877   880   956   955   970   990  1012
LCL23   1920   970   931   958   878   901   918   992   996   974   917
LCL23   1930   942   911   940   944   925   928   956   928   924   939
LCL23   1940   942   903   830   956   900  1016   984   934   998   955
LCL23   1950   959 -9999
