LCL18-1_1862  1135  1145  1277  1226  1224  1328  1424  1376
LCL18-1_1870  1486  1430  1348  1433  1470  1496  1451  1406  1578  1452
LCL18-1_1880  1606  1498  1549  1529  1630  1534  1550  1600  1477  1624
LCL18-1_1890  1558  1509  1443  1604  1512  1566  1521  1502  1484  1529
LCL18-1_1900  1519  1902  1310  1287  1242  1240  1296  1288  1344  1284
LCL18-1_1910  1386  1355  1281  1370  1704  1409  1358  1337  1381  1371
LCL18-1_1920  1421  1468  1441  1486  1481  1461  1487  1285  1466  1544
LCL18-1_1930  1506  1519  1593  1618  1459  1602  1583  1546  1624  1645
LCL18-1_1940  1543  1455  1484  1608  1640  1689  1585  1653  1516  1577
LCL18-1_1950  1497 -9999
