LCL23-2r1863  1139  1225  1203  1168  1188  1382  1394
LCL23-2r1870  1264  1293  1185  1111  1120  1200  1251  1246  1123  1302
LCL23-2r1880  1275  1253  1215  1275  1375  1323  1348  1367  1213  1415
LCL23-2r1890  1320  1227  1221  1280  1256  1234  1281  1304  1298  1371
LCL23-2r1900  1398  1414  1364  1298  1310  1307  1394  1333  1382  1319
LCL23-2r1910  1438  1531  1471  1591  1506  1522  1534  1493  1490  1483
LCL23-2r1920  1431  1466  1405  1389  1424  1484  1477  1416  1238  1302
LCL23-2r1930  1376  1370  1508  1629  1558  1531  1993  1528  1502  1529
LCL23-2r1940  1510  1540  1459  1545  1541  1580  1531  1581  1459  1644
LCL23-2r1950  1461 -9999
