LCL07_LW1863  1169  1307  1196  1261  1190  1236  1251
LCL07_LW1870  1412  1280  1234  1216  1239  1222  1361  1194  1422  1284
LCL07_LW1880  1406  1276  1396  1356  1393  1311  1272  1440  1297  1435
LCL07_LW1890  1339  1359  1391  1489  1492  1371  1502  1486  1472  1608
LCL07_LW1900  1395  1569  1336  1310  1406  1335  1339  1186  1347  1309
LCL07_LW1910  1414  1352  1264  1455  1353  1443  1458  1487  1441  1466
LCL07_LW1920  1333  1507  1290  1379  1354  1364  1453  1288  1317  1363
LCL07_LW1930  1302  1351  1392  1650  1442  1520  1510  1421  1544  1533
LCL07_LW1940  1471  1471  1483  1557  1523  1596  1492  1412  1475  1573
LCL07_LW1950  1464 -9999
