LCL02_LW1872  1166  1173  1205  1289  1473  1318  1462  1361
LCL02_LW1880  1472  1320  1363  1358  1491  1384  1485  1628  1355  1405
LCL02_LW1890  1391  1468  1406  1651  1427  1439  1502  1427  1512  1552
LCL02_LW1900  1535  1596  1474  1449  1493  1485  1421  1307  1274  1371
LCL02_LW1910  1370  1474  1380  1452  1441  1369  1314  1428  1402  1554
LCL02_LW1920  1463  1467  1389  1454  1433  1508  1526  1328  1467  1476
LCL02_LW1930  1430  1379  1473  1635  1482  1486  1401  1222  1508  1412
LCL02_LW1940  1409  1453  1484  1527  1544  1585  1452  1600  1356  1480
LCL02_LW1950  1392 -9999
LCL07_LW1863  1169  1307  1196  1261  1190  1236  1251
LCL07_LW1870  1412  1280  1234  1216  1239  1222  1361  1194  1422  1284
LCL07_LW1880  1406  1276  1396  1356  1393  1311  1272  1440  1297  1435
LCL07_LW1890  1339  1359  1391  1489  1492  1371  1502  1486  1472  1608
LCL07_LW1900  1395  1569  1336  1310  1406  1335  1339  1186  1347  1309
LCL07_LW1910  1414  1352  1264  1455  1353  1443  1458  1487  1441  1466
LCL07_LW1920  1333  1507  1290  1379  1354  1364  1453  1288  1317  1363
LCL07_LW1930  1302  1351  1392  1650  1442  1520  1510  1421  1544  1533
LCL07_LW1940  1471  1471  1483  1557  1523  1596  1492  1412  1475  1573
LCL07_LW1950  1464 -9999
LCL08_LW1865  1378  1382  1482  1567  1540
LCL08_LW1870  1554  1532  1488  1588  1497  1426  1503  1331  1475  1457
LCL08_LW1880  1539  1487  1574  1541  1592  1510  1563  1594  1578  1620
LCL08_LW1890  1629  1576  1553  1644  1654  1642  1649  1601  1621  1670
LCL08_LW1900  1639  1681  1530  1641  1649  1661  1647  1440  1588  1486
LCL08_LW1910  1487  1650  1589  1620  1645  1566  1550  1559  1529  1487
LCL08_LW1920  1506  1574  1507  1492  1536  1569  1586  1572  1526  1578
LCL08_LW1930  1577  1624  1556  1668  1637  1647  1652  1569  1701  1701
LCL08_LW1940  1723  1699  1616  1581  1628  1694  1669  1751  1661  1724
LCL08_LW1950  1665 -9999
LCL09_LW1864  1509  1541  1530  1563  1511  1629
LCL09_LW1870  1576  1521  1526  1574  1485  1534  1447  1493  1488  1586
LCL09_LW1880  1520  1545  1494  1585  1639  1576  1545  1603  1532  1604
LCL09_LW1890  1527  1438  1426  1495  1429  1500  1454  1375  1522  1606
LCL09_LW1900  1521  1651  1460  1492  1531  1553  1566  1551  1496  1395
LCL09_LW1910  1539  1669  1369  1585  1614  1529  1467  1524  1559  1618
LCL09_LW1920  1600  1605  1488  1578  1525  1571  1602  1561  1490  1420
LCL09_LW1930  1496  1560  1680  1740  1577  1572  1613  1619  1627  1666
LCL09_LW1940  1662  1638  1575  1587  1661  1715  1563  1686  1622  1678
LCL09_LW1950  1522 -9999
LCL18-1_1862  1135  1145  1277  1226  1224  1328  1424  1376
LCL18-1_1870  1486  1430  1348  1433  1470  1496  1451  1406  1578  1452
LCL18-1_1880  1606  1498  1549  1529  1630  1534  1550  1600  1477  1624
LCL18-1_1890  1558  1509  1443  1604  1512  1566  1521  1502  1484  1529
LCL18-1_1900  1519  1902  1310  1287  1242  1240  1296  1288  1344  1284
LCL18-1_1910  1386  1355  1281  1370  1704  1409  1358  1337  1381  1371
LCL18-1_1920  1421  1468  1441  1486  1481  1461  1487  1285  1466  1544
LCL18-1_1930  1506  1519  1593  1618  1459  1602  1583  1546  1624  1645
LCL18-1_1940  1543  1455  1484  1608  1640  1689  1585  1653  1516  1577
LCL18-1_1950  1497 -9999
LCL23-2r1863  1139  1225  1203  1168  1188  1382  1394
LCL23-2r1870  1264  1293  1185  1111  1120  1200  1251  1246  1123  1302
LCL23-2r1880  1275  1253  1215  1275  1375  1323  1348  1367  1213  1415
LCL23-2r1890  1320  1227  1221  1280  1256  1234  1281  1304  1298  1371
LCL23-2r1900  1398  1414  1364  1298  1310  1307  1394  1333  1382  1319
LCL23-2r1910  1438  1531  1471  1591  1506  1522  1534  1493  1490  1483
LCL23-2r1920  1431  1466  1405  1389  1424  1484  1477  1416  1238  1302
LCL23-2r1930  1376  1370  1508  1629  1558  1531  1993  1528  1502  1529
LCL23-2r1940  1510  1540  1459  1545  1541  1580  1531  1581  1459  1644
LCL23-2r1950  1461 -9999
