LCL09_LW1864  1509  1541  1530  1563  1511  1629
LCL09_LW1870  1576  1521  1526  1574  1485  1534  1447  1493  1488  1586
LCL09_LW1880  1520  1545  1494  1585  1639  1576  1545  1603  1532  1604
LCL09_LW1890  1527  1438  1426  1495  1429  1500  1454  1375  1522  1606
LCL09_LW1900  1521  1651  1460  1492  1531  1553  1566  1551  1496  1395
LCL09_LW1910  1539  1669  1369  1585  1614  1529  1467  1524  1559  1618
LCL09_LW1920  1600  1605  1488  1578  1525  1571  1602  1561  1490  1420
LCL09_LW1930  1496  1560  1680  1740  1577  1572  1613  1619  1627  1666
LCL09_LW1940  1662  1638  1575  1587  1661  1715  1563  1686  1622  1678
LCL09_LW1950  1522 -9999
