LCL08_LW1865  1378  1382  1482  1567  1540
LCL08_LW1870  1554  1532  1488  1588  1497  1426  1503  1331  1475  1457
LCL08_LW1880  1539  1487  1574  1541  1592  1510  1563  1594  1578  1620
LCL08_LW1890  1629  1576  1553  1644  1654  1642  1649  1601  1621  1670
LCL08_LW1900  1639  1681  1530  1641  1649  1661  1647  1440  1588  1486
LCL08_LW1910  1487  1650  1589  1620  1645  1566  1550  1559  1529  1487
LCL08_LW1920  1506  1574  1507  1492  1536  1569  1586  1572  1526  1578
LCL08_LW1930  1577  1624  1556  1668  1637  1647  1652  1569  1701  1701
LCL08_LW1940  1723  1699  1616  1581  1628  1694  1669  1751  1661  1724
LCL08_LW1950  1665 -9999
