LCL02   1872  3907  4784  4634  4348  2880  2686  2802  1272
LCL02   1880  2368  2259  2503  2336  1696  2116  1890  2187  3106  2986
LCL02   1890  3005  2496  1622  1590   844   632   690   703   501   743
LCL02   1900   966  1432  1382  1434  1662  1230  1354   573   152   458
LCL02   1910   647   398   374   230   446   549   333   573   640   712
LCL02   1920  1001  1148  1005   696   536   392   447   400   383   375
LCL02   1930   321   206   495   412   412   634   195   185   248   323
LCL02   1940   380   374   456   889   715   695   612   553   461   646
LCL02   1950   791 -9999
LCL07   1863  1820  1729  2300  2905  3102  3427  3033
LCL07   1870  1175  2689  4302  4852  4063  3909  3809  3342  3372  2856
LCL07   1880  2469  2493  2222  2059  2771  2891  2956  2316  2337  2465
LCL07   1890  3033  2433  2383  2762  2074  1672  1377  2225  1351  1298
LCL07   1900   858  1019   835   698   902   572   534   343   433   461
LCL07   1910   649   393   314   460   659   835   623   608   717   730
LCL07   1920   707  1040  1010  1016   740   611   477   365   328   413
LCL07   1930   356   344   525   736   658   684   755   480   645   796
LCL07   1940   690   762   763  1143   611   708   731   349   619  1032
LCL07   1950   764 -9999
LCL08   1865  2353  2362  2210  1816  1371
LCL08   1870  1048  2580  2463  2634  3360  2739  2719  2345  1949   983
LCL08   1880  2442  1643  1399  1258  2136  2002  2420  1811  1941  1967
LCL08   1890  2099  1431  1389  1819  1255  1094  1565  2047  1680  1678
LCL08   1900  1652  1444  1186  1297  1684  1924  1557  1317   889  1145
LCL08   1910  1302  1381  1413  1865  1985  1095   923  1266  1699  1748
LCL08   1920  1174  1072   960  1414   898   842   915  1028  1069  1520
LCL08   1930  1560  1281  1868  1850  1185  1683  1316  1010  1535  1598
LCL08   1940   975  1538  1202  2000  1765  1892  1309  1186  1022  1624
LCL08   1950  1066 -9999
LCL09   1864  1178  2000  1404  1121  1117   440
LCL09   1870  1946  2417  3014  2025  1488  1968  2000  2964  3509  3496
LCL09   1880  3370  3377  4027  3303  2969  3481  3658  4809  4728  5664
LCL09   1890  5603  5306  5020  5509  3806  3107  2787  4678  2836  2373
LCL09   1900  1870  2075  1157  1382  1658  1417  1723  1834  2070  1467
LCL09   1910  2467  2362  1748  1911  1972  1980  1606  1143  1079  1033
LCL09   1920   874  1352  1293  2271  1917  2202  2000  2075   511   648
LCL09   1930   753   933  1761  2105  2092  2962  2320  1935  3188  2379
LCL09   1940  2001  1899  1304  1852  1462  1793  1079  1016  1003  2270
LCL09   1950  1530 -9999
LCL18   1862  5738  5837  4626  4294  3213  2783  4094  2875
LCL18   1870  3438  2903  2276  2767  3084  3752  3261  3034  3980  1834
LCL18   1880  3934  2875  3731  2101  2840  2167  2117  1904  2092  2865
LCL18   1890  3028  3319  2189  3540  1455  1405  2856  2423  2336  1653
LCL18   1900  2255  1935  2013  1619  2104  2232  1727  1262   915  1248
LCL18   1910  1620  1747  1156  1505  1374  1445  1215  1335  1866  1976
LCL18   1920  1803  1970  1858  1890  1806  1722  1429   802   817  1366
LCL18   1930  2119  2254  2397  2032  1784  1270  1632  1518  1422  1787
LCL18   1940  1302  1660  1087  1262  1003  1708  1683  1464  1371  2126
LCL18   1950  1701 -9999
LCL23   1863  2958  2346  3122  3156  2321  2040  1605
LCL23   1870  2486  3181  3969  4374  4281  3324  3733  4040  5236  5127
LCL23   1880  4918  3196  4285  3602  5005  3792  4642  4037  4615  4004
LCL23   1890  4426  3683  4271  5557  5350  4993  4392  5182  2996  2148
LCL23   1900  2079  2377  1632  2092  2954  2629  2912  2262  2096  2355
LCL23   1910  2699  1890  1064   920  1223   890   790   648  1357  1229
LCL23   1920  1075  1381  1105  1124   933   769   466   435   337   556
LCL23   1930   572   742  1217  1799  1953  1678  1258  1105   987   792
LCL23   1940   673  1178   925  1030   915  1040  1009  1194  1499  2336
LCL23   1950  2357 -9999
