LCL09   1864  1178  2000  1404  1121  1117   440
LCL09   1870  1946  2417  3014  2025  1488  1968  2000  2964  3509  3496
LCL09   1880  3370  3377  4027  3303  2969  3481  3658  4809  4728  5664
LCL09   1890  5603  5306  5020  5509  3806  3107  2787  4678  2836  2373
LCL09   1900  1870  2075  1157  1382  1658  1417  1723  1834  2070  1467
LCL09   1910  2467  2362  1748  1911  1972  1980  1606  1143  1079  1033
LCL09   1920   874  1352  1293  2271  1917  2202  2000  2075   511   648
LCL09   1930   753   933  1761  2105  2092  2962  2320  1935  3188  2379
LCL09   1940  2001  1899  1304  1852  1462  1793  1079  1016  1003  2270
LCL09   1950  1530 -9999
