LCL23   1863  2958  2346  3122  3156  2321  2040  1605
LCL23   1870  2486  3181  3969  4374  4281  3324  3733  4040  5236  5127
LCL23   1880  4918  3196  4285  3602  5005  3792  4642  4037  4615  4004
LCL23   1890  4426  3683  4271  5557  5350  4993  4392  5182  2996  2148
LCL23   1900  2079  2377  1632  2092  2954  2629  2912  2262  2096  2355
LCL23   1910  2699  1890  1064   920  1223   890   790   648  1357  1229
LCL23   1920  1075  1381  1105  1124   933   769   466   435   337   556
LCL23   1930   572   742  1217  1799  1953  1678  1258  1105   987   792
LCL23   1940   673  1178   925  1030   915  1040  1009  1194  1499  2336
LCL23   1950  2357 -9999
