LCL07   1863  1820  1729  2300  2905  3102  3427  3033
LCL07   1870  1175  2689  4302  4852  4063  3909  3809  3342  3372  2856
LCL07   1880  2469  2493  2222  2059  2771  2891  2956  2316  2337  2465
LCL07   1890  3033  2433  2383  2762  2074  1672  1377  2225  1351  1298
LCL07   1900   858  1019   835   698   902   572   534   343   433   461
LCL07   1910   649   393   314   460   659   835   623   608   717   730
LCL07   1920   707  1040  1010  1016   740   611   477   365   328   413
LCL07   1930   356   344   525   736   658   684   755   480   645   796
LCL07   1940   690   762   763  1143   611   708   731   349   619  1032
LCL07   1950   764 -9999
