LCL18   1862  5738  5837  4626  4294  3213  2783  4094  2875
LCL18   1870  3438  2903  2276  2767  3084  3752  3261  3034  3980  1834
LCL18   1880  3934  2875  3731  2101  2840  2167  2117  1904  2092  2865
LCL18   1890  3028  3319  2189  3540  1455  1405  2856  2423  2336  1653
LCL18   1900  2255  1935  2013  1619  2104  2232  1727  1262   915  1248
LCL18   1910  1620  1747  1156  1505  1374  1445  1215  1335  1866  1976
LCL18   1920  1803  1970  1858  1890  1806  1722  1429   802   817  1366
LCL18   1930  2119  2254  2397  2032  1784  1270  1632  1518  1422  1787
LCL18   1940  1302  1660  1087  1262  1003  1708  1683  1464  1371  2126
LCL18   1950  1701 -9999
