LCL08   1865  2353  2362  2210  1816  1371
LCL08   1870  1048  2580  2463  2634  3360  2739  2719  2345  1949   983
LCL08   1880  2442  1643  1399  1258  2136  2002  2420  1811  1941  1967
LCL08   1890  2099  1431  1389  1819  1255  1094  1565  2047  1680  1678
LCL08   1900  1652  1444  1186  1297  1684  1924  1557  1317   889  1145
LCL08   1910  1302  1381  1413  1865  1985  1095   923  1266  1699  1748
LCL08   1920  1174  1072   960  1414   898   842   915  1028  1069  1520
LCL08   1930  1560  1281  1868  1850  1185  1683  1316  1010  1535  1598
LCL08   1940   975  1538  1202  2000  1765  1892  1309  1186  1022  1624
LCL08   1950  1066 -9999
