LGL02B  1878  1037   965
LGL02B  1880   995  1004  1040  1037  1031   955   987  1006  1004  1046
LGL02B  1890   986   980  1049   994   936   974   974   962   969   949
LGL02B  1900   860   942   904   899   992   913   940   934   946   949
LGL02B  1910   976  1020  1008   986  1005   946   977   997  1047  1040
LGL02B  1920  1005  1071  1023  1006   985   975   976   934   985   982
LGL02B  1930  1075  1027  1055  1063   988  1021  1061  1025  1107  1050
LGL02B  1940   983   948  1031  1003   986  1044   997   952  1051  1059
LGL02B  1950  1000  1067  1104  1110   960  1026  1013  1020  1005  1023
LGL02B  1960   994  1046   976   951   986   991 -9999
LGL03A  1881   988   927   971   907   946  1033   965   948  1001
LGL03A  1890  1004  1012  1066   997   998  1062  1065   982  1072  1080
LGL03A  1900  1054  1095  1036  1053  1050   975  1001  1018  1008  1025
LGL03A  1910  1014  1045  1031   982  1038  1051   967  1012  1031  1023
LGL03A  1920  1001  1071   996  1053   934   954  1077  1059  1193  1152
LGL03A  1930  1106   957  1106  1192  1078  1226  1190  1195  1285  1162
LGL03A  1940  1129  1104  1166  1181  1137  1278  1109  1179  1170  1130
LGL03A  1950  1156  1179  1160  1068  1049  1083  1135  1207  1066  1136
LGL03A  1960  1125  1195  1097  1132  1068  1083 -9999
LGL04B  1877  1048   978   919
LGL04B  1880   990  1004  1008   937   955   827  1013  1008   970   978
LGL04B  1890   955   913   932   840   946   968   959   991  1016  1055
LGL04B  1900  1060  1084  1179  1119  1114  1100  1194  1192  1251  1204
LGL04B  1910  1236  1364  1122  1123  1083  1176  1091  1090  1148  1102
LGL04B  1920  1104  1099  1122  1154  1124  1101  1139  1119  1150  1089
LGL04B  1930  1052  1078  1099  1137   755  1058  1123  1093  1169  1067
LGL04B  1940  1027  1035  1121  1113  1024  1195  1085  1062  1043  1084
LGL04B  1950  1120  1088   990  1050  1016  1031  1040  1078  1023  1073
LGL04B  1960   993  1149  1062  1073  1057  1079 -9999
LGL06E  1887  1154  1131  1186
LGL06E  1890  1255  1266  1321  1316  1167  1241  1250  1210  1238  1280
LGL06E  1900  1282  1231  1260  1205  1218  1195  1227  1163  1180  1188
LGL06E  1910  1215  1262  1245  1259  1117  1262  1215  1124  1185  1124
LGL06E  1920  1159  1242  1141  1162  1131  1124  1186  1162  1181  1156
LGL06E  1930  1197  1118  1076  1127  1066  1081  1085  1079  1098  1103
LGL06E  1940  1001  1024  1017  1040  1044  1124  1108  1017  1063  1106
LGL06E  1950  1029   985  1047  1071  1025  1043  1040  1044   991  1025
LGL06E  1960  1008  1065  1003   989  1014  1022 -9999
LGL12E  1887  1208  1130  1128
LGL12E  1890  1066  1010  1057  1111  1140  1096  1054  1061  1053  1031
LGL12E  1900  1051  1046   971  1038   991   962   976   968   950   952
LGL12E  1910   983  1000   998  1036  1054  1052  1016  1033  1078  1060
LGL12E  1920  1090  1068  1047  1070  1042  1064  1086  1001  1086  1015
LGL12E  1930  1051  1018  1070  1101  1027  1110  1161  1098  1181  1160
LGL12E  1940  1070  1057  1053  1171  1012  1067   980   959   979  1016
LGL12E  1950   946  1004   998   992   974   985   935   948   948  1001
LGL12E  1960   955   983  1011   985  1010   952 -9999
LGL14E  1884   946   923   916   930   929   939
LGL14E  1890   930   898   916   950   884   943   965   906   960   923
LGL14E  1900   955   978   900   971   918   927   892   939   942   886
LGL14E  1910   981   980   954   997   997   953   947   978  1066  1036
LGL14E  1920  1002   992   959   993   985   937  1029  1023  1069  1087
LGL14E  1930  1131  1047  1008  1064  1020  1024  1053  1039  1080  1072
LGL14E  1940  1038   991  1022  1042   998  1069   995   957  1030  1111
LGL14E  1950  1028  1036  1026   962   926   972   983   972   956   968
LGL14E  1960   968  1027   992   945   940   952 -9999
