LGL02B_i1878  1491  1435
LGL02B_i1880  1524  1430  1581  1461  1594  1554  1581  1602  1535  1552
LGL02B_i1890  1613  1521  1541  1608  1499  1530  1612  1610  1601  1701
LGL02B_i1900  1473  1641  1432  1560  1566  1497  1541  1575  1568  1439
LGL02B_i1910  1591  1697  1584  1645  1711  1628  1627  1594  1680  1685
LGL02B_i1920  1634  1793  1605  1732  1621  1753  1692  1616  1629  1709
LGL02B_i1930  1657  1528  1719  1745  1701  1723  1722  1724  1678  1625
LGL02B_i1940  1489  1438  1553  1509  1475  1636  1544  1444  1511  1641
LGL02B_i1950  1462  1504  1291  1352  1328  1456  1530  1473  1566  1654
LGL02B_i1960  1600  1413  1439  1406  1652  1421 -9999
LGL03A_i1881  1528  1516  1512  1611  1591  1686  1707  1596  1665
LGL03A_i1890  1794  1680  1671  1819  1684  1731  1693  1774  1834  1822
LGL03A_i1900  1732  1787  1645  1761  1752  1683  1719  1654  1771  1621
LGL03A_i1910  1721  1759  1623  1780  1812  1668  1606  1686  1645  1742
LGL03A_i1920  1728  1822  1618  1645  1598  1702  1722  1596  1688  1669
LGL03A_i1930  1596  1588  1681  1792  1708  1721  1695  1720  1698  1694
LGL03A_i1940  1681  1666  1687  1721  1722  1800  1595  1666  1616  1611
LGL03A_i1950  1613  1619  1657  1561  1508  1565  1651  1598  1585  1594
LGL03A_i1960  1555  1591  1582  1658  1583  1603 -9999
LGL04B_i1877  1401  1358  1425
LGL04B_i1880  1366  1400  1364  1387  1505  1397  1506  1482  1432  1425
LGL04B_i1890  1478  1516  1545  1588  1601  1590  1577  1699  1631  1679
LGL04B_i1900  1596  1653  1537  1536  1540  1614  1540  1450  1426  1398
LGL04B_i1910  1503  1471  1509  1636  1649  1656  1616  1682  1661  1638
LGL04B_i1920  1644  1711  1595  1639  1635  1658  1726  1689  1672  1658
LGL04B_i1930  1672  1651  1685  1725  1677  1668  1684  1732  1670  1598
LGL04B_i1940  1603  1605  1631  1662  1672  1692  1670  1626  1615  1689
LGL04B_i1950  1602  1622  1622  1620  1581  1652  1651  1619  1653  1693
LGL04B_i1960  1641  1655  1645  1612  1662  1601 -9999
LGL06_in1887  1805  1634  1767
LGL06_in1890  1770  1727  1778  1818  1743  1849  1809  1816  1815  1818
LGL06_in1900  1732  1750  1592  1702  1721  1658  1652  1462  1553  1476
LGL06_in1910  1586  1576  1557  1637  1705  1706  1705  1663  1757  1742
LGL06_in1920  1732  1732  1599  1603  1526  1715  1821  1818  1674  1763
LGL06_in1930  1785  1722  1711  1804  1775  1816  1815  1683  1784  1687
LGL06_in1940  1671  1641  1628  1715  1681  1733  1633  1754  1700  1727
LGL06_in1950  1603  1591  1732  1767  1627  1823  1700  1723  1692  1807
LGL06_in1960  1679  1716  1561  1635  1688  1610 -9999
LGL12_in1887  1649  1494  1554
LGL12_in1890  1604  1466  1532  1613  1623  1625  1581  1710  1638  1689
LGL12_in1900  1725  1716  1505  1624  1650  1648  1631  1532  1544  1483
LGL12_in1910  1528  1603  1559  1605  1558  1528  1560  1537  1526  1552
LGL12_in1920  1514  1696  1558  1628  1605  1688  1716  1622  1655  1609
LGL12_in1930  1688  1571  1704  1678  1392  1660  1647  1735  1778  1813
LGL12_in1940  1812  1811  1879  1830  1794  1909  1680  1809  1758  1839
LGL12_in1950  1797  1757  1769  1809  1783  1750  1656  1756  1716  1775
LGL12_in1960  1726  1749  1780  1735  1698  1609 -9999
LGL14_in1884  1457  1353  1495  1546  1358  1403
LGL14_in1890  1522  1488  1482  1620  1455  1516  1543  1526  1597  1596
LGL14_in1900  1649  1573  1526  1594  1553  1562  1469  1614  1614  1431
LGL14_in1910  1683  1750  1596  1696  1785  1419  1521  1594  1609  1692
LGL14_in1920  1691  1588  1604  1729  1688  1773  1811  1703  1804  1785
LGL14_in1930  1745  1777  1788  1843  1697  1748  1745  1781  1756  1764
LGL14_in1940  1726  1662  1736  1718  1774  1762  1641  1717  1740  1811
LGL14_in1950  1788  1591  1709  1638  1579  1647  1616  1615  1589  1686
LGL14_in1960  1609  1681  1681  1643  1697  1618 -9999
