LGL02B  1878  3082  2959
LGL02B  1880  3359  1639  3052  2864  2746  2049  2000  2738  2452  2944
LGL02B  1890  2428  2098  2536  3048  1912   888  1723  2237  2523  1518
LGL02B  1900  1092  1342  1073  1406  1817  1572  1214  1182   818   802
LGL02B  1910   984   905   865  1151  1425  1151  1023  1072  1119   683
LGL02B  1920   635  1087  1112  1206  1167  1238  1072   788   765   812
LGL02B  1930   559   358   517   658   707   771   610   570   586   466
LGL02B  1940   375   307   302   381   342   377   414   301   334   317
LGL02B  1950   300   162    98   114   309   203   305   309   371   348
LGL02B  1960   440   202   303   383   520   293 -9999
LGL03A  1881  1941  2218  2157  2392  1550  1755  1304  1506  1256
LGL03A  1890  1214  1238  1405  1166  1586  1444  1851  1978  1886  2124
LGL03A  1900  2099  2537  2071  2244  2310  2367  1641  1861  1506  1536
LGL03A  1910  1534  1385  1363  1746  1777  1490  1591  1479  1609  1312
LGL03A  1920  1534  1740  1552  1232  1766  1972  1917  1760  1228  1441
LGL03A  1930  1576  1305  1571  1786  1481  1073   888   923  1188  1223
LGL03A  1940   773   803   638   888   888  1486  1639   769   692   799
LGL03A  1950   435   542   807  1063   717   884   862   977  1276   977
LGL03A  1960   569   797   998   959  1182  1357 -9999
LGL04B  1877  3545  4322  3833
LGL04B  1880  3579  2383  2698  1993  2075  1550  1407  1278  1050   659
LGL04B  1890   996  1061   918  1142   842   593   748  1293  1163   674
LGL04B  1900   432   448   211   252   219   260   181   144    91   112
LGL04B  1910    92    57   180   349   689   394   601   585   792   570
LGL04B  1920   486   546   364   392   420   441   756   645   893   816
LGL04B  1930   766   835   621   509   461   848   674   598   518   494
LGL04B  1940   271   346   276   463   381   421   389   251   289   334
LGL04B  1950   219   469   333   372   277   405   389   468   372   422
LGL04B  1960   485   373   445   367   604   372 -9999
LGL06   1887  1270  1492  1380
LGL06   1890  2003  1482  1405  1151   818   762  1079  1286   881  1135
LGL06   1900  1007  1213  1001  1764  1094  1030  1147   941   810  1147
LGL06   1910   759  1145  1068  1151  1602  1114  1379  1415  1662  1599
LGL06   1920  1144   828   739  2329  2842  2601  2784  2708  3437  3002
LGL06   1930  3209  1676  2843  4225  3253  2710  2101  1982  1962  2245
LGL06   1940  1594  2336  2191  2140  2250  2476  2098  1038   900  2130
LGL06   1950  1446  1109   982  1310  1465  1528  1383  2212  1914  1469
LGL06   1960  1194  1031  1900  1406  2024  1483 -9999
LGL12   1887  4136  3680  3373
LGL12   1890  3239  1225  1213  2057  3326  1486  1986  2300  2430  1319
LGL12   1900  1658  1954  1776  1831  1768  1353  1456  1339  1130   957
LGL12   1910  1219  1398  1068  1377  1257  1274  1186  1568  1786  2401
LGL12   1920  1364  1742   919  1102  1300  1381  1279   915  1038  1379
LGL12   1930   898   557   670   432   271   396   284   438   781  1419
LGL12   1940  1321  1804  2101  3005  1911  1922  1855  1052  1168  1399
LGL12   1950  1238  1374  1143  1472  1502  1707  1348  2104  2297  1926
LGL12   1960  1930  1337  1611  1520  1394   996 -9999
LGL14   1884  4062  2872  2592  2812  3023  2794
LGL14   1890  2820  2228  2043  2128  1779  2115  2796  2182  2084  2030
LGL14   1900  1940  2489  2273  3245  2854  2263  2243  1858  1537  2060
LGL14   1910  2026  1745  2103  1143  1961  1940  1335  1167  1245  1100
LGL14   1920  1236  1278  1451  1935  2200  2088  2792  1735  1376  1054
LGL14   1930   623   710   995  1120  1271  1934  1447  1215  1519  1647
LGL14   1940  1200  1294   842  1210  1009   976  1068   605   695  1217
LGL14   1950  1349  1549   927  1211  1513  1036  1026  1261  1212   957
LGL14   1960   692   649  1159  1176  2371  3396 -9999
